Epoch,Training Loss,Validation Loss
0,2.415568619966507,2.3383727073669434
1,2.311812937259674,2.293853998184204
2,2.144359737634659,2.2430925369262695
3,2.117255926132202,2.163038730621338
4,2.074009820818901,2.0889065265655518
5,1.9608283191919327,2.049206256866455
6,2.0673858523368835,2.010291337966919
7,1.9682676643133163,1.98874831199646
8,1.912053108215332,1.959193468093872
9,1.8722071051597595,1.944612741470337
10,1.9379954487085342,1.9077904224395752
11,1.8466873914003372,1.904446005821228
12,1.9584084153175354,1.901680588722229
13,2.0177571922540665,1.8860026597976685
14,1.8303667902946472,1.8758578300476074
15,1.891382560133934,1.8497756719589233
16,1.8129422515630722,1.8398847579956055
17,1.6805088371038437,1.8478835821151733
18,1.8945236802101135,1.8384089469909668
19,1.8338892459869385,1.8302795886993408
20,1.8000148832798004,1.806452989578247
21,1.8220728039741516,1.8088304996490479
22,1.8018266409635544,1.79091477394104
23,1.8182232528924942,1.8019336462020874
24,1.6218714714050293,1.7911571264266968
25,1.840268462896347,1.7790213823318481
26,1.8461027145385742,1.7675226926803589
27,1.7924131900072098,1.7653863430023193
28,1.819168359041214,1.7539570331573486
29,1.7200981974601746,1.7643637657165527
30,1.816539853811264,1.7576451301574707
31,1.7153368145227432,1.743265151977539
32,1.8568626195192337,1.7466315031051636
33,1.847515344619751,1.7389154434204102
34,1.7374858856201172,1.75150465965271
35,1.80441153049469,1.758492112159729
36,1.7417780607938766,1.776869535446167
37,1.7542418241500854,1.774054765701294
38,1.6692824363708496,1.7614214420318604
39,1.8023536652326584,1.7747021913528442
40,1.7416780292987823,1.7681878805160522
41,1.6633398085832596,1.7764592170715332
42,1.788743108510971,1.7697827816009521
43,1.61329784989357,1.7517051696777344
44,1.8344156742095947,1.754622220993042
45,1.5527252107858658,1.760611653327942
46,1.8373171240091324,1.7593250274658203
47,1.783158302307129,1.7505451440811157
48,1.779754415154457,1.761543869972229
49,1.7390848398208618,1.7662663459777832
50,1.9109925478696823,1.7496254444122314
51,1.5253797471523285,1.7513878345489502
52,1.6268079727888107,1.7381742000579834
53,1.6697588711977005,1.736132264137268
54,1.6244378685951233,1.741054892539978
