Epoch,Training Loss,Validation Loss
0,4.178676340796731,3.4230402878352573
1,3.601828484101729,3.2122566359383717
2,3.3606284141540526,2.907893793923514
3,3.290025741403753,2.9262003898620605
4,3.2010184678164397,2.772771426609584
5,3.0719756776636298,2.7814039843423024
6,3.0850600155917083,2.7110464913504466
7,3.0077034776861016,2.704202583857945
8,2.9262122067538177,2.558582033429827
9,2.895824239470742,2.6305583204541887
10,2.8166726437481966,2.589415584291731
11,2.748102261803367,2.5587117671966553
12,2.59919988675551,2.6141597543443953
13,2.8240817178379407,2.5270252568381175
14,2.6679634441028943,2.4319542816707065
15,2.652228342403065,2.4257385390145436
16,2.677165009758689,2.4133006504603793
17,2.5469524123451928,2.4309375286102295
18,2.6599248149178245,2.4479707649775913
19,2.490299385244196,2.448095900671823
20,2.4705695780840786,2.3635872772761752
21,2.554255427013744,2.531004020145961
22,2.4147509488192473,2.3790176255362376
23,2.674279969388788,2.4795687879834856
24,2.618002518740567,2.426771436418806
25,2.4934260953556406,2.2841933795384
26,2.512992663816972,2.3013556684766496
27,2.4683627670461483,2.2582970006125316
28,2.620079588890076,2.3006186144692555
29,2.3251384366642345,2.23559239932469
30,2.482989046790383,2.250856808253697
31,2.4201764301820234,2.3312527452196394
32,2.4482613520188763,2.253230265208653
33,2.459945219213312,2.290400505065918
34,2.5795340342955155,2.315562997545515
35,2.571428825638511,2.312600306102208
36,2.450951478698037,2.271151304244995
37,2.1895689140666614,2.2325826031821117
38,2.370612937753851,2.2517099721091136
39,2.30768439986489,2.3329175880977084
40,2.239870975234292,2.212263447897775
41,2.174372252550992,2.2129452909742082
42,2.3078952745957806,2.3778400080544606
43,2.3238772435621784,2.2813944816589355
44,2.2798001636158336,2.27983672278268
45,2.326007960059426,2.2070658888135637
46,2.3252804214304144,2.2746948855263844
47,2.3881084767254914,2.3032571247645786
48,2.332232496955178,2.232831835746765
49,2.268613815307617,2.2463018212999617
