Epoch,Training Loss,Validation Loss
0,2.471044212579727,2.340698480606079
1,2.3305805921554565,2.299797296524048
2,2.327925443649292,2.244670867919922
3,2.139502689242363,2.1842947006225586
4,2.2401287257671356,2.168562173843384
5,2.158530354499817,2.169734001159668
6,2.069088265299797,2.1950623989105225
7,2.079231381416321,2.1094400882720947
8,2.130970984697342,2.033155918121338
9,2.045355662703514,2.039487361907959
10,2.0256159007549286,2.08752703666687
11,2.0167947560548782,2.120022773742676
12,2.0352200269699097,2.0862069129943848
13,2.01681949198246,2.0585415363311768
14,2.057408645749092,1.9871773719787598
15,1.9651111662387848,1.9977267980575562
16,1.8840661942958832,1.980226993560791
17,2.070722997188568,2.0229830741882324
18,1.9339541345834732,2.0850706100463867
19,1.8756173998117447,2.0431153774261475
20,1.981725737452507,2.030839681625366
21,1.9205801486968994,1.9994525909423828
22,1.8739599585533142,1.9606773853302002
23,1.8726108074188232,1.950386881828308
24,1.845268428325653,1.9215294122695923
25,1.8603266030550003,1.9520068168640137
26,1.81573985517025,1.9479862451553345
27,1.9260140359401703,1.906351089477539
28,1.9855182319879532,1.8434247970581055
29,1.8012508153915405,1.8734033107757568
30,1.991555243730545,1.900791883468628
31,1.7180057018995285,1.9310219287872314
32,1.869088426232338,1.9431579113006592
33,1.7564876824617386,1.9339301586151123
34,1.7740151286125183,1.9001789093017578
35,1.8787334859371185,1.8746370077133179
36,1.8230012953281403,1.8904441595077515
37,1.813049778342247,1.8723927736282349
38,1.8165891617536545,1.8669438362121582
39,1.8703686147928238,1.8517881631851196
40,1.8567899018526077,1.8419653177261353
41,1.803176149725914,1.8530645370483398
42,1.8290730714797974,1.8443351984024048
43,1.753791719675064,1.8846925497055054
44,1.7376845329999924,1.8763138055801392
45,1.879040613770485,1.8160299062728882
46,1.7066407799720764,1.7925658226013184
47,1.7990833669900894,1.8026485443115234
48,1.6076193749904633,1.8420120477676392
49,1.7473621219396591,1.8550894260406494
